#include "IndexControllerInteractionProfile.h"
#include "logging.h"

IndexControllerInteractionProfile::IndexControllerInteractionProfile()
{
	// Figured these out from OpenXR spec section 6.4
	std::string paths[] = {
		// Runtimes are not required to support the system button paths, and no OpenVR game can use them anyway.
		//"/input/system/click",
		//"/input/system/touch",
		"/input/a/click",
		"/input/a/touch",
		"/input/b/click",
		"/input/b/touch",
		"/input/squeeze/value",
		"/input/squeeze/force",
		"/input/trigger/click",
		"/input/trigger/value",
		"/input/trigger/touch",
		"/input/thumbstick/x",
		"/input/thumbstick/y",
		"/input/thumbstick/click",
		"/input/thumbstick/touch",
		"/input/thumbstick", // Allows directly binding 2 axis inputs like OpenVR does - see section 11.4 of the OpenXR spec
		"/input/trackpad/x",
		"/input/trackpad/y",
		"/input/trackpad/force",
		"/input/trackpad/touch",
		"/input/trackpad",
		"/input/grip/pose",
		"/input/aim/pose",
		"/output/haptic"
	};

	for (const auto& path : paths) {
		this->validInputPaths.insert("/user/hand/left" + path);
		this->validInputPaths.insert("/user/hand/right" + path);
	}

	// These are substring replacements which translate from OpenVR paths to OpenXR paths.
	// I found the necessary examples of OpenVR paths in ./steamapps/common/NeosVR/Neos_Data/StreamingAssets/SteamVR/bindings_knuckles.json
	this->pathTranslationMap = {
		{ "thumbstick/position", "thumbstick" },
		{ "trackpad/position", "trackpad" },
		{ "trackpad/click", "trackpad/touch" },

		{ "pull", "value" },
		{ "application_menu", "system" },

		// All of these are "value" and not "force", because to activate "force" all the way
		// you have to pull really hard which is nerve racking
		// If you look at the bindings_knuckles.json you can see some more compliated thresholds, which I believe OC ignores.
		// If we add support for respecting those, change these to more reasonable replacements.
		{ "grip/force", "squeeze/value" },
		{ "grip/click", "squeeze/value" },
		{ "grip/touch", "squeeze/value" },
		{ "grip/value", "squeeze/value" },
	};

	//	this->bindingsLegacy.system = "input/system/click"; - causes issues on Oculus runtime
	this->bindingsLegacy.menu = "input/b/click";
	this->bindingsLegacy.btnA = "input/a/click";
	this->bindingsLegacy.btnATouch = "input/a/touch";

	this->bindingsLegacy.stickX = "input/thumbstick/x";
	this->bindingsLegacy.stickY = "input/thumbstick/y";
	this->bindingsLegacy.stickBtn = "input/thumbstick/click";
	this->bindingsLegacy.stickBtnTouch = "input/thumbstick/touch";
	this->bindingsLegacy.trigger = "input/trigger/value";
	this->bindingsLegacy.triggerClick = "input/trigger/click";
	this->bindingsLegacy.triggerTouch = "input/trigger/touch";

	this->bindingsLegacy.grip = "input/squeeze/value";
	this->bindingsLegacy.haptic = "output/haptic";

	this->bindingsLegacy.gripPoseAction = "input/grip/pose";
	this->bindingsLegacy.aimPoseAction = "input/aim/pose";

	hmdPropertiesMap = {
		{ vr::Prop_ManufacturerName_String, "Valve" },
	};

	propertiesMap = {
		{ vr::Prop_ModelNumber_String, { "Knuckles Left", "Knuckles Right" } },
		{ vr::Prop_ControllerType_String, { GetOpenVRName().value() } }
	};

	/*
	* Values used to create this found here:
	* SteamVR\drivers\indexcontroller\resources\rendermodels\valve_controller_knu_2_0_left\valve_controller_knu_2_0_left.json
	*/
	glm::mat4 inverseHandTransformLeft = {
		{ 1.00000, -0.00000, 0.00000, 0.00000, },
		{ 0.00000, 0.98570, -0.16849, 0.00000, },
		{ 0.00000, 0.16849, 0.98570, 0.00000, },
		{ 0.00000, -0.02700, 0.14000, 1.00000, }
	};

	/*
	 * Values used to create this found here:
	 * SteamVR\drivers\indexcontroller\resources\rendermodels\valve_controller_knu_2_0_right\valve_controller_knu_2_0_right.json
	 */
	glm::mat4 inverseHandTransformRight = {
		{ 1.00000, -0.00000, 0.00000, 0.00000, },
		{ 0.00000, 0.98570, -0.16849, 0.00000, },
		{ 0.00000, 0.16849, 0.98570, 0.00000, },
		{ 0.00000, -0.02700, 0.14000, 1.00000, }
	};

	float angleInRadians = glm::radians(28.0f);
	glm::mat4 yawRotationMatrix = glm::rotate(glm::mat4(1.0f), angleInRadians, glm::vec3(-1.0f, 0.0f, 0.0f));

	leftHandGripTransform = yawRotationMatrix *  glm::affineInverse(inverseHandTransformLeft);
	rightHandGripTransform = yawRotationMatrix *  glm::affineInverse(inverseHandTransformRight);
	
	// Set up the component transforms

    glm::mat4 bodyLeft = {
		{ 1.00000, -0.00000, 0.00000, 0.00000, },
		{ 0.00000, 1.00000, -0.00000, 0.00000, },
		{ 0.00000, 0.00000, 1.00000, 0.00000, },
		{ 0.00000, 0.00000, 0.00000, 1.00000, }
    };
    glm::mat4 bodyRight = {
		{ 1.00000, -0.00000, 0.00000, 0.00000, },
		{ 0.00000, 1.00000, -0.00000, 0.00000, },
		{ 0.00000, 0.00000, 1.00000, 0.00000, },
		{ 0.00000, 0.00000, 0.00000, 1.00000, }
    };
    glm::mat4 tipLeft = {
		{ 0.99619, -0.00000, -0.08716, 0.00000, },
		{ 0.05602, 0.76604, 0.64034, 0.00000, },
		{ 0.06677, -0.64279, 0.76313, 0.00000, },
		{ 0.00600, -0.01500, 0.02000, 1.00000, }
    };
    glm::mat4 tipRight = {
		{ 0.99619, -0.00000, 0.08716, 0.00000, },
		{ -0.05602, 0.76604, 0.64034, 0.00000, },
		{ -0.06677, -0.64279, 0.76313, 0.00000, },
		{ -0.00600, -0.01500, 0.02000, 1.00000, }
    };
    glm::mat4 baseLeft = {
		{ 0.99762, -0.00000, 0.06889, 0.00000, },
		{ -0.02197, -0.94777, 0.31820, 0.00000, },
		{ 0.06529, -0.31896, -0.94552, 0.00000, },
		{ 0.00500, -0.02300, 0.19600, 1.00000, }
    };
    glm::mat4 baseRight = {
		{ 0.99762, -0.00000, -0.06889, 0.00000, },
		{ 0.02197, -0.94777, 0.31820, 0.00000, },
		{ -0.06529, -0.31896, -0.94552, 0.00000, },
		{ -0.00500, -0.02300, 0.19600, 1.00000, }
    };
    glm::mat4 gdcLeft = {
		{ 1.00000, -0.00000, 0.00000, 0.00000, },
		{ 0.00000, 1.00000, -0.00000, 0.00000, },
		{ 0.00000, 0.00000, 1.00000, 0.00000, },
		{ 0.00000, 0.00000, 0.00000, 1.00000, }
    };
    glm::mat4 gdcRight = {
		{ 1.00000, -0.00000, 0.00000, 0.00000, },
		{ 0.00000, 1.00000, -0.00000, 0.00000, },
		{ 0.00000, 0.00000, 1.00000, 0.00000, },
		{ 0.00000, 0.00000, 0.00000, 1.00000, }
    };

	leftComponentTransforms["body"] = glm::affineInverse(bodyLeft);
	rightComponentTransforms["body"] = glm::affineInverse(bodyRight);
	leftComponentTransforms["tip"] = glm::affineInverse(tipLeft);
	rightComponentTransforms["tip"] = glm::affineInverse(tipRight);
	leftComponentTransforms["base"] = glm::affineInverse(baseLeft);
	rightComponentTransforms["base"] = glm::affineInverse(baseRight);
	leftComponentTransforms["gdc2015"] = glm::affineInverse(gdcLeft);
	rightComponentTransforms["gdc2015"] = glm::affineInverse(gdcRight);
}

const std::string& IndexControllerInteractionProfile::GetPath() const
{
	static std::string path = "/interaction_profiles/valve/index_controller";
	return path;
}

const InteractionProfile::LegacyBindings* IndexControllerInteractionProfile::GetLegacyBindings(const std::string& handPath) const
{
	// Index controllers are exactly symmetrical, so we can just drop handPath on the floor.
	return &this->bindingsLegacy;
}

std::optional<const char*> IndexControllerInteractionProfile::GetOpenVRName() const
{
	return "knuckles";
}
